# oST version 5.0 parameters


[image]

width
640

height
480

[narrow_stereo/left]

camera matrix
721.247679 0.000000 326.193683
0.000000 721.052113 233.670426
0.000000 0.000000 1.000000

distortion
0.076741 -0.102294 0.000895 0.001320 0.000000

rectification
0.999997 -0.000549 0.002267
0.000548 1.000000 0.000545
-0.002267 -0.000544 0.999997

projection
759.361724 0.000000 327.398655 0.000000
0.000000 759.361724 242.447603 0.000000
0.000000 0.000000 1.000000 0.000000
# oST version 5.0 parameters


[image]

width
640

height
480

[narrow_stereo/right]

camera matrix
720.272965 0.000000 332.897424
0.000000 719.755990 251.597012
0.000000 0.000000 1.000000

distortion
0.073915 -0.098917 -0.001737 0.002291 0.000000

rectification
0.999990 -0.001154 0.004305
0.001156 0.999999 -0.000542
-0.004304 0.000547 0.999991

projection
759.361724 0.000000 327.398655 -45.300238
0.000000 759.361724 242.447603 0.000000
0.000000 0.000000 1.000000 0.000000
